VERTICES
-1.109110713005066 1.8559911251068115 0.5981433391571045
-0.9322309494018555 -1.647023320198059 0.492410808801651
-1.837131142616272 -0.833899736404419 0.31470218300819397
-0.038167599588632584 1.8433988094329834 0.6464058756828308
1.9277331829071045 -1.6974482536315918 0.9473519921302795
2.973576068878174 -1.5524892807006836 0.6682612299919128
2.2094008922576904 -1.0682810544967651 0.5628418922424316
2.832916736602783 -0.9209128022193909 0.5921676754951477
2.5877480506896973 -1.6050868034362793 0.28171592950820923
1.2317308187484741 -1.1654441356658936 0.2275313436985016
1.8447312116622925 -1.5363215208053589 0.03461240977048874
2.6991117000579834 0.6213022470474243 1.0196996927261353
2.632648229598999 0.3173776865005493 1.175529956817627
3.25058913230896 0.3051629960536957 1.0953810214996338
3.222700357437134 0.48208898305892944 0.9483506083488464
2.442967414855957 -0.09220175445079803 0.5085779428482056
2.7037229537963867 0.03126903250813484 0.6577154397964478
-1.230913758277893 -1.394965410232544 -0.43359389901161194
-1.756946325302124 -0.606925368309021 -0.916959822177887
-1.05740225315094 -1.17283034324646 -0.8909187912940979
-0.7120411992073059 0.09095386415719986 1.500357747077942
-1.2763513326644897 -0.5888475775718689 1.1039236783981323
-1.988696575164795 0.6342534422874451 0.7047144770622253
-0.9115927219390869 1.1450556516647339 1.1431273221969604
-1.3775062561035156 0.4562389850616455 1.2225791215896606
-1.7164151668548584 1.4176404476165771 0.5877034664154053
0.4685872197151184 0.4462973475456238 1.5017719268798828
1.575501561164856 0.36786794662475586 1.2838565111160278
1.307463526725769 0.04681026190519333 1.7161757946014404
1.8949298858642578 0.25716012716293335 1.2729028463363647
0.6706076264381409 1.0865691900253296 0.8556772470474243
1.7122704982757568 0.5551828742027283 0.8924338817596436
1.3685277700424194 0.7462041974067688 0.598199725151062
1.712929368019104 0.13466952741146088 0.6483926773071289
0.47126293182373047 -0.15080799162387848 1.753563404083252
1.0810586214065552 -0.7152142524719238 1.6349775791168213
0.15562769770622253 -0.9609243869781494 1.5278983116149902
1.941369891166687 -1.4987285137176514 1.45112943649292
2.107933521270752 -0.725472092628479 1.4491268396377563
0.7885704636573792 -1.6263401508331299 0.9824562668800354
0.928215742111206 -1.7144628763198853 0.35827338695526123
2.8767507076263428 -1.2673084735870361 1.1178005933761597
3.146679401397705 -1.616499423980713 0.8301835060119629
3.3595495223999023 -1.3233839273452759 0.7601267695426941
3.373893976211548 -0.7628176212310791 0.686198353767395
2.4663479328155518 -0.16494053602218628 1.3702605962753296
-0.30076467990875244 -1.4993643760681152 1.09758722782135
-0.17096000909805298 -1.8582444190979004 0.7097500562667847
0.3471919596195221 -1.9064635038375854 0.44169554114341736
-2.259305953979492 0.0679875984787941 -0.1283065229654312
3.323026180267334 -0.5680777430534363 0.9763092398643494
3.5975887775421143 -0.12750396132469177 0.7878739833831787
0.6755649447441101 1.0572302341461182 0.009401991032063961
-0.2302117794752121 1.4912678003311157 -0.3705492913722992
0.23941563069820404 0.5752822756767273 -0.943967878818512
0.2987104058265686 0.19173458218574524 -0.7749693989753723
0.8666017055511475 -1.1974036693572998 0.33065977692604065
0.9575788378715515 -1.5303966999053955 0.17963191866874695
0.7289527058601379 -1.5851606130599976 -0.48806604743003845
0.3660183250904083 -1.1657253503799438 -0.47238868474960327
-0.515415370464325 -1.7800809144973755 -0.2576867341995239
-0.05015159770846367 -1.3687419891357422 -1.0528150796890259
0.01719643361866474 -0.8974562287330627 -0.7259505391120911
-1.002475380897522 -0.7887236475944519 -2.0237836837768555
1.7904870510101318 0.24142087996006012 0.3696742057800293
1.4382283687591553 0.28760769963264465 -0.007491698022931814
0.8204740881919861 0.16933183372020721 0.0008485013386234641
1.2203551530838013 0.7910600304603577 -0.2577228248119354
0.9523811936378479 0.5123342275619507 -0.3670392334461212
-1.0152935981750488 2.146303415298462 -0.8736444711685181
-1.084710955619812 2.350093364715576 -0.7298633456230164
-0.6638973951339722 1.0853804349899292 -0.9654768705368042
0.6028066873550415 -0.146351158618927 0.042200297117233276
-0.05422896146774292 0.03681869059801102 -0.3754088580608368
0.3630279302597046 -0.4481712281703949 -0.47905635833740234
1.3242403268814087 -0.0862637534737587 0.38536280393600464
1.5926544666290283 -0.3314646780490875 0.33349063992500305
0.9969837069511414 -0.3214300274848938 0.35498496890068054
0.9798492789268494 -0.8441030383110046 0.14739976823329926
-2.30277156829834 1.13620126247406 -0.035695042461156845
-2.20949125289917 1.2171274423599243 -0.6728503704071045
-1.8383859395980835 0.36387911438941956 -1.8906378746032715
-1.5135401487350464 -0.013483531773090363 -2.6592304706573486
-0.4399138391017914 -1.191407561302185 -1.5151079893112183
-1.3238710165023804 2.2571775913238525 -0.03571441024541855
-1.780482292175293 1.9887324571609497 -0.488940566778183
-0.3791049122810364 -0.414442241191864 -0.912075936794281
-0.4441923499107361 0.05099144205451012 -1.4083704948425293
-0.5442494750022888 0.6147388815879822 -1.520003080368042
0.21676546335220337 1.9447345733642578 -0.059817105531692505
-0.44707900285720825 2.2553811073303223 0.21653218567371368
-1.2997552156448364 0.4171540141105652 -2.722782611846924
-0.9777699112892151 -0.359971284866333 -2.449787139892578
-1.8273006677627563 1.1932967901229858 -1.7010403871536255
-1.2177213430404663 1.2632017135620117 -2.607470750808716
-1.488632321357727 1.6619714498519897 -1.7817423343658447
-1.5090570449829102 1.119962453842163 -2.8583483695983887
-1.200394630432129 1.7511392831802368 -1.5316243171691895
-1.0298964977264404 0.9296836853027344 -2.3422093391418457
-1.7072614431381226 0.688549816608429 -2.8502633571624756
-1.7127695083618164 -0.1363404244184494 -1.088257074356079
-1.7127695083618164 -0.1363404244184494 -0.49838438630104065
-1.7127695083618164 -0.1363404244184494 0.09181368350982666
-1.7127695083618164 0.45364511013031006 -1.6784387826919556
-1.7127695083618164 0.45364511013031006 -1.0884164571762085
-1.7127695083618164 0.45364511013031006 -0.4983437955379486
-1.7127695083618164 0.45364511013031006 0.09165588766336441
-1.7127695083618164 1.043675184249878 -1.6783320903778076
-1.7127695083618164 1.043675184249878 -1.088236689567566
-1.7127695083618164 1.043675184249878 -0.4982714354991913
-1.7127695083618164 1.043675184249878 0.0917707085609436
-1.7127695083618164 1.6337517499923706 -0.4983208179473877
-1.1226887702941895 -0.7262325286865234 -1.08826744556427
-1.1226887702941895 -0.7262325286865234 -0.4982793927192688
-1.1226887702941895 -0.7262325286865234 0.09176535904407501
-1.1226887702941895 -0.7262325286865234 0.6818110346794128
-1.1226887702941895 -0.1362062692642212 -1.6784427165985107
-1.1226887702941895 -0.1362062692642212 -1.0883268117904663
-1.1226887702941895 -0.1362062692642212 -0.49824246764183044
-1.1226887702941895 -0.1362062692642212 0.09181232005357742
-1.1226887702941895 -0.1362062692642212 0.6817061901092529
-1.1226887702941895 0.453827828168869 -1.6783899068832397
-1.1226887702941895 0.453827828168869 -1.0883387327194214
-1.1226887702941895 0.453827828168869 -0.4983198046684265
-1.1226887702941895 0.453827828168869 0.09171676635742188
-1.1226887702941895 0.453827828168869 0.6818369626998901
-1.1226887702941895 1.0437524318695068 -1.088407278060913
-1.1226887702941895 1.0437524318695068 -0.49830976128578186
-1.1226887702941895 1.0437524318695068 0.09173756837844849
-1.1226887702941895 1.0437524318695068 0.6818549036979675
-1.1226887702941895 1.6337802410125732 -0.49835872650146484
-1.1226887702941895 1.6337802410125732 0.0916750505566597
-0.5327193140983582 -1.3163355588912964 0.09166629612445831
-0.5327193140983582 -1.3163355588912964 0.6818338632583618
-0.5327193140983582 -0.7264097929000854 -0.4983428418636322
-0.5327193140983582 -0.7264097929000854 0.09165793657302856
-0.5327193140983582 -0.7264097929000854 0.6816638708114624
-0.5327193140983582 -0.13625942170619965 -0.49825263023376465
-0.5327193140983582 -0.13625942170619965 0.09178955107927322
-0.5327193140983582 -0.13625942170619965 0.6817353367805481
-0.5327193140983582 0.4538317918777466 -1.0884114503860474
-0.5327193140983582 0.4538317918777466 -0.4982414245605469
-0.5327193140983582 0.4538317918777466 0.09175083041191101
-0.5327193140983582 0.4538317918777466 0.6817014813423157
-0.5327193140983582 1.0438545942306519 -0.4981984496116638
-0.5327193140983582 1.0438545942306519 0.09180466085672379
-0.5327193140983582 1.0438545942306519 0.6816680431365967
-0.5327193140983582 1.6337257623672485 0.09171639382839203
0.05732348933815956 -1.3164241313934326 -0.4982551336288452
0.05732348933815956 -1.3164241313934326 0.09171801060438156
0.05732348933815956 -1.3164241313934326 0.6817058324813843
0.05732348933815956 -0.7263317108154297 0.09171480685472488
0.05732348933815956 -0.7263317108154297 0.6818251013755798
0.05732348933815956 -0.1362803876399994 0.09182602912187576
0.05732348933815956 -0.1362803876399994 0.6817283630371094
0.05732348933815956 -0.1362803876399994 1.2718701362609863
0.05732348933815956 0.45379647612571716 -0.49831801652908325
0.05732348933815956 0.45379647612571716 0.09179344028234482
0.05732348933815956 0.45379647612571716 0.6816745400428772
0.05732348933815956 1.0438450574874878 0.09179423749446869
0.05732348933815956 1.0438450574874878 0.6817464232444763
0.6474554538726807 -1.3163572549819946 0.6817004680633545
0.6474554538726807 -0.7262327671051025 0.681793749332428
0.6474554538726807 -0.7262327671051025 1.2717540264129639
0.6474554538726807 -0.1362709254026413 0.6817985773086548
0.6474554538726807 -0.1362709254026413 1.2717417478561401
0.6474554538726807 0.453836053609848 0.09182508289813995
0.6474554538726807 0.453836053609848 0.681776225566864
1.2375011444091797 -1.3164129257202148 0.6817762851715088
1.2375011444091797 -0.7263582944869995 0.6818302869796753
1.2375011444091797 -0.7263582944869995 1.2717112302780151
1.2375011444091797 -0.13637056946754456 0.6816944479942322
1.2375011444091797 -0.13637056946754456 1.271793246269226
1.2375011444091797 0.4537851810455322 0.6818504929542542
1.8274503946304321 -1.3163186311721802 0.6817871928215027
TETRAHEDRA
0 3 23 146
3 52 89 159
48 56 149 161
12 15 29 45
36 39 46 150
18 19 112 113
4 5 6 8
4 6 8 174
4 5 6 41
7 41 43 44
13 16 45 50
9 76 78 169
9 10 57 168
52 53 54 159
6 9 10 174
6 9 76 174
4 10 40 168
2 18 49 101
132 148 149 151
153 158 164 166
6 7 15 45
11 12 14 16
5 6 7 41
5 7 41 43
7 41 44 50
11 12 13 14
69 70 89 90
13 14 16 51
12 13 14 16
11 12 15 16
12 15 16 45
1 2 17 114
18 19 63 112
19 112 113 134
2 17 18 113
26 28 34 165
2 101 102 113
54 71 140 144
20 23 26 143
47 48 149 150
72 74 78 151
117 137 140 141
28 34 35 165
84 111 130 131
22 24 25 129
20 21 24 120
3 23 26 160
102 114 118 119
23 26 146 160
20 23 24 143
2 22 49 102
2 21 22 102
104 105 108 122
0 23 25 129
23 24 25 129
53 54 71 144
56 161 168 169
164 165 172 173
158 164 166 167
27 28 29 172
26 27 28 172
20 26 34 155
66 72 77 164
27 29 31 33
6 38 76 169
6 7 38 41
35 37 38 170
142 143 145 157
3 23 146 160
27 30 32 173
26 27 30 173
32 52 67 166
27 31 32 173
32 33 64 173
26 165 167 173
9 56 78 169
15 29 33 45
28 35 38 170
72 77 162 164
28 35 165 172
4 37 39 168
34 35 36 163
29 33 38 172
4 6 37 174
35 37 39 170
66 164 166 167
113 134 135 137
6 37 38 41
4 6 37 41
168 169 170 174
6 15 38 76
7 38 41 45
7 15 16 45
35 39 163 170
4 39 40 168
39 46 47 150
4 39 40 48
4 5 41 42
6 15 38 45
12 13 16 45
7 16 44 50
4 37 41 42
5 41 42 43
41 43 44 50
6 7 38 45
28 29 38 45
15 33 38 45
29 33 38 45
40 56 57 168
20 21 36 136
1 46 47 133
9 56 57 168
63 81 100 116
106 118 119 124
101 102 106 118
73 86 134 137
7 16 45 50
7 41 45 50
16 44 50 51
13 16 50 51
9 168 169 174
55 66 68 166
2 21 102 120
2 102 113 114
143 146 158 159
3 30 52 160
113 114 118 137
22 102 106 120
0 3 90 147
73 137 140 141
1 21 46 133
21 36 46 136
19 63 83 112
73 140 141 156
101 102 113 118
124 125 128 143
138 139 143 158
19 60 61 148
40 56 57 161
39 40 48 161
65 67 68 166
72 73 157 166
35 36 39 163
73 134 137 151
72 73 74 153
47 132 149 150
48 56 57 149
58 59 148 149
48 57 58 149
40 48 57 58
56 58 59 78
56 57 58 59
1 47 132 133
17 19 60 134
48 60 148 149
58 59 61 148
61 62 83 134
59 61 62 148
1 17 60 132
20 34 36 155
47 60 132 149
1 47 60 132
63 83 87 92
49 80 104 105
49 80 81 104
79 80 105 109
54 55 68 156
31 32 33 64
32 64 65 173
0 84 90 131
75 76 77 171
30 32 52 167
62 74 86 134
26 30 158 167
66 72 73 166
32 65 166 173
65 66 75 173
52 67 68 166
18 112 113 118
93 96 99 107
69 85 111 130
53 69 89 90
69 70 90 147
70 84 85 130
79 105 106 109
53 69 71 130
73 138 142 157
52 54 68 156
101 105 106 118
105 106 109 123
56 78 162 169
56 59 78 151
1 17 114 132
59 62 74 151
66 75 77 164
120 138 139 143
55 66 73 156
52 156 157 166
132 135 148 151
56 149 151 161
77 78 162 169
75 77 164 171
33 38 76 169
33 75 76 171
26 28 165 172
161 168 169 170
76 77 78 169
15 33 38 76
164 165 167 173
72 151 153 162
36 39 150 161
66 75 167 173
75 164 167 173
56 57 58 78
22 49 79 106
80 105 108 109
79 80 85 111
80 81 93 103
18 49 81 100
87 88 92 121
81 82 91 99
18 63 81 82
81 82 91 121
19 83 86 134
132 134 135 148
25 79 84 85
69 85 97 111
127 130 131 144
53 69 90 147
79 80 109 111
69 70 85 97
0 25 84 131
25 84 85 111
18 100 112 117
18 100 101 117
18 63 81 100
103 104 107 121
17 18 19 113
55 73 86 140
83 86 87 112
63 87 112 116
63 81 82 116
88 92 98 121
54 71 88 140
71 88 126 140
104 116 117 121
81 103 116 121
3 30 52 89
53 89 147 159
63 87 92 116
93 94 95 96
80 93 104 108
71 88 97 126
98 103 107 121
94 95 97 98
93 94 95 107
85 93 95 111
91 94 96 98
70 85 95 97
93 95 107 108
95 97 107 108
80 85 93 111
88 97 98 126
93 94 96 107
81 91 98 99
91 96 98 99
81 98 99 107
87 112 116 117
86 112 113 118
71 122 123 127
100 101 105 117
18 49 100 101
107 108 122 126
100 103 104 116
19 86 112 134
2 18 101 113
49 100 101 105
49 79 80 105
22 25 79 110
22 49 102 106
21 22 24 120
2 49 101 102
49 101 102 106
21 115 120 139
73 137 138 142
20 120 125 139
118 137 141 142
101 105 117 118
81 100 103 104
81 100 103 116
104 117 121 122
81 93 103 107
91 92 98 121
81 91 98 121
104 105 117 122
49 101 105 106
25 79 85 111
49 81 100 104
80 81 103 104
93 103 104 107
80 93 103 104
86 112 117 118
100 104 105 117
49 100 104 105
106 118 123 124
49 79 105 106
79 106 109 110
71 127 141 144
128 129 143 146
102 106 119 120
97 107 108 126
95 97 98 107
94 95 98 107
94 96 98 107
96 98 99 107
81 93 99 107
81 98 103 107
104 107 121 122
104 107 108 122
85 95 97 111
69 71 97 130
105 108 109 123
80 104 105 108
93 104 107 108
80 108 109 111
106 109 110 124
109 110 111 131
25 79 110 111
79 109 110 111
22 79 106 110
22 106 120 125
128 143 145 146
106 109 123 124
25 110 111 131
109 111 127 131
108 122 126 127
80 93 108 111
93 95 108 111
95 97 108 111
97 108 111 126
18 101 113 118
18 63 100 116
86 87 112 117
63 83 87 112
19 83 86 112
1 2 21 115
113 114 132 135
60 132 134 148
2 17 113 114
17 113 114 132
86 113 118 137
119 120 124 143
136 150 151 152
132 133 136 150
1 114 132 133
47 132 133 150
73 74 134 151
114 115 120 139
102 114 115 120
2 102 114 115
1 2 114 115
1 114 115 133
81 82 116 121
82 91 92 116
63 82 92 116
103 104 116 121
100 104 116 117
100 112 116 117
18 100 112 116
18 63 112 116
87 116 117 121
88 121 122 126
73 86 137 140
18 112 117 118
18 101 117 118
86 87 117 140
105 117 118 123
105 106 118 123
123 124 127 141
114 118 119 138
118 123 124 141
102 113 114 118
120 124 125 143
102 114 119 120
102 106 118 119
135 136 138 151
114 119 120 138
106 119 120 124
22 24 120 125
21 22 102 120
114 132 135 136
114 135 136 138
2 21 115 120
2 102 115 120
71 122 126 140
97 98 107 126
87 88 121 140
87 92 116 121
91 92 116 121
82 91 116 121
81 98 103 121
87 117 121 122
107 121 122 126
105 108 122 123
108 109 123 127
71 123 140 141
117 118 123 137
86 117 118 137
117 122 123 140
105 117 122 123
109 110 124 128
117 123 137 141
71 122 123 140
22 25 110 129
22 106 110 125
106 120 124 125
23 125 129 143
128 142 144 145
138 142 143 157
73 141 142 157
110 124 125 128
124 127 128 141
20 24 120 125
106 110 124 125
110 125 128 129
108 122 123 127
71 122 126 127
108 109 111 127
108 111 127 130
69 97 111 130
88 98 121 126
98 107 121 126
109 123 124 127
53 144 145 147
71 126 127 130
108 126 127 130
111 127 130 131
109 124 127 128
25 84 111 131
125 128 129 143
127 128 141 144
128 131 144 145
145 146 147 159
128 129 131 146
0 25 129 131
25 110 128 129
22 110 125 129
22 24 125 129
23 24 125 129
84 90 130 147
84 90 131 147
70 84 90 130
69 70 85 130
84 85 111 130
53 71 130 144
71 97 126 130
97 111 126 130
53 145 147 159
3 146 147 160
25 128 129 131
25 110 128 131
109 110 128 131
109 127 128 131
114 115 133 136
136 149 150 151
17 60 132 134
17 19 113 134
56 59 149 151
47 48 60 149
114 132 133 136
46 47 133 150
21 115 133 136
1 21 115 133
20 21 120 139
21 46 133 136
135 137 138 151
62 74 134 151
59 74 78 151
73 74 86 134
17 113 132 134
61 62 134 148
19 61 83 134
62 83 86 134
86 112 113 134
132 135 136 151
113 132 134 135
128 142 143 145
114 120 138 139
46 133 136 152
154 155 158 165
136 138 139 153
20 36 136 155
114 136 138 139
66 72 164 166
113 114 135 137
114 135 137 138
118 119 124 138
118 124 141 142
86 117 137 140
55 86 87 140
87 117 122 140
86 113 134 137
141 142 144 159
118 124 138 142
114 118 137 138
114 115 136 139
134 135 137 151
73 137 138 153
73 137 141 142
20 125 139 143
21 115 136 139
20 21 136 139
153 157 158 166
118 137 138 142
36 136 152 155
77 162 164 171
54 55 87 140
88 122 126 140
87 121 122 140
88 121 122 140
54 87 88 140
117 123 140 141
124 128 141 142
140 141 144 156
54 55 140 156
55 73 140 156
71 123 127 141
119 120 138 143
72 153 157 166
124 128 142 143
119 124 142 143
119 138 142 143
20 139 143 155
23 24 125 143
20 24 125 143
139 153 154 158
128 141 142 144
143 157 158 159
53 54 144 156
54 140 144 156
71 140 141 144
127 128 131 144
130 131 144 147
71 127 130 144
23 129 143 146
142 144 145 159
143 145 157 159
143 145 146 159
0 131 146 147
131 145 146 147
0 129 131 146
0 3 146 147
26 143 146 160
23 26 143 146
128 131 145 146
0 23 129 146
0 90 131 147
53 89 90 147
3 89 90 147
131 144 145 147
53 130 144 147
84 130 131 147
53 69 130 147
70 90 130 147
69 70 130 147
134 135 148 151
19 61 134 148
19 60 134 148
60 132 148 149
48 58 60 148
58 60 61 148
59 148 149 151
59 62 148 151
36 46 136 152
132 136 149 150
151 152 161 162
39 48 150 161
48 58 148 149
57 58 59 149
56 57 59 149
39 47 48 150
150 151 152 161
72 77 78 162
56 78 151 162
73 74 151 153
132 136 149 151
62 134 148 151
72 74 151 153
72 78 151 162
152 161 162 163
26 34 155 165
152 153 154 162
34 155 163 165
136 139 152 155
139 152 154 155
36 46 150 152
46 133 150 152
136 151 152 153
136 138 151 153
137 138 151 153
73 137 151 153
52 156 157 159
153 154 158 164
138 143 157 158
20 26 143 158
72 153 162 164
164 171 172 173
152 154 155 165
136 152 153 154
136 139 153 154
26 155 158 165
139 143 155 158
20 136 139 155
36 152 155 163
53 144 145 159
53 144 156 159
52 68 156 166
72 73 153 157
72 153 164 166
73 156 157 166
141 144 156 159
73 141 156 157
146 158 159 160
30 158 160 167
73 138 153 157
138 153 157 158
138 139 153 158
139 154 155 158
20 26 155 158
20 143 155 158
66 166 167 173
26 30 158 160
52 157 159 166
157 158 159 166
3 147 159 160
3 89 147 159
52 53 89 159
141 156 157 159
141 142 157 159
52 54 156 159
53 54 156 159
158 159 160 166
3 52 159 160
146 147 159 160
26 143 158 160
3 26 30 160
149 150 151 161
48 149 150 161
40 56 161 168
40 48 57 161
48 56 57 161
56 151 161 162
28 29 38 172
161 162 163 170
36 150 152 163
56 161 162 169
37 39 168 170
153 154 162 164
151 152 153 162
34 36 155 163
76 77 169 171
27 29 33 172
152 154 162 165
162 163 165 172
35 163 165 172
36 150 161 163
150 152 161 163
36 39 161 163
39 161 163 170
154 162 164 165
33 169 171 172
27 171 172 173
158 164 165 167
26 158 165 167
154 158 164 165
152 155 163 165
152 162 163 165
34 35 163 165
52 159 160 166
30 52 160 167
66 75 164 167
32 65 67 166
65 66 68 166
66 73 156 166
55 68 156 166
55 66 156 166
27 33 171 173
33 75 171 173
32 52 166 167
52 160 166 167
158 160 166 167
39 40 161 168
10 40 57 168
4 10 168 174
6 37 38 174
6 38 169 174
37 168 170 174
162 164 165 172
9 56 168 169
33 38 169 170
33 169 170 172
162 164 171 172
162 169 170 172
161 162 169 170
39 161 168 170
26 27 172 173
162 169 171 172
162 163 170 172
33 76 169 171
77 162 169 171
31 32 33 173
27 31 33 173
35 163 170 172
28 35 170 172
27 33 171 172
33 38 170 172
28 38 170 172
26 165 172 173
26 30 167 173
30 32 167 173
75 164 171 173
33 64 75 173
64 65 75 173
32 166 167 173
65 66 166 173
9 10 168 174
9 76 169 174
6 76 169 174
38 169 170 174
37 38 170 174
4 37 168 174
4 8 10 174
6 8 10 174
EDGES
146 23
23 0
0 3
3 146
159 89
89 52
52 3
3 159
161 149
149 48
48 56
56 161
45 29
29 15
15 12
12 45
150 46
46 36
36 39
39 150
113 112
112 18
18 19
19 113
8 6
6 5
5 4
4 8
174 8
4 6
6 174
41 6
5 41
44 43
43 7
7 41
41 44
50 45
45 16
16 13
13 50
169 78
78 9
9 76
76 169
168 57
57 10
10 9
9 168
159 54
54 52
52 53
53 159
174 10
10 6
6 9
9 174
174 76
168 40
40 4
4 10
10 168
101 49
49 2
2 18
18 101
151 149
149 148
148 132
132 151
166 164
164 153
153 158
158 166
45 15
15 6
6 7
7 45
16 14
14 12
12 11
11 16
43 41
5 7
50 44
44 7
41 50
14 13
13 12
11 14
90 89
89 70
70 69
69 90
51 16
13 51
12 16
16 15
15 11
114 17
17 2
2 1
1 114
112 63
63 18
19 112
134 113
112 134
113 18
17 113
165 34
34 26
26 28
28 165
113 102
102 2
2 101
101 113
144 140
140 54
54 71
71 144
143 26
26 20
20 23
23 143
150 149
149 47
47 48
48 150
151 78
78 72
72 74
74 151
141 140
140 117
117 137
137 141
165 35
35 34
34 28
131 130
130 84
84 111
111 131
129 25
25 24
24 22
22 129
120 24
24 20
20 21
21 120
160 26
26 23
23 3
3 160
119 118
118 102
102 114
114 119
160 146
143 24
24 23
20 143
102 49
49 22
22 2
102 22
22 21
21 2
122 108
108 105
105 104
104 122
25 0
23 129
25 23
24 129
54 53
53 144
169 168
168 56
161 169
173 172
172 164
164 165
165 173
167 166
158 164
164 167
172 29
29 28
28 27
27 172
172 28
26 27
155 34
34 20
26 155
164 77
77 66
66 72
72 164
33 31
31 29
29 27
27 33
76 6
6 38
38 169
41 38
170 38
38 37
37 35
35 170
157 145
145 143
143 142
142 157
23 160
173 32
32 27
27 30
30 173
26 173
166 67
67 32
32 52
52 166
32 31
31 27
27 173
173 64
64 33
33 32
173 167
167 26
26 165
78 56
56 9
9 169
45 33
33 15
38 35
35 28
28 170
164 162
162 77
77 72
172 165
35 172
168 39
39 37
37 4
4 168
163 36
36 34
35 163
172 38
38 29
29 33
33 172
174 37
37 6
4 174
170 39
39 35
37 170
164 66
66 167
137 135
135 134
113 137
41 37
174 170
170 168
169 174
76 38
38 15
45 41
7 38
38 45
15 7
170 163
40 39
39 4
150 47
47 46
46 39
48 40
39 48
42 41
41 4
5 42
44 16
16 7
7 50
4 42
43 42
43 50
6 45
28 45
38 33
57 56
56 40
136 36
36 21
20 136
133 47
47 1
1 46
46 133
57 9
116 100
100 63
63 81
81 116
124 119
118 106
106 124
106 102
102 101
101 118
137 134
134 73
73 86
86 137
16 50
51 50
166 68
68 55
55 66
66 166
120 102
102 21
2 120
114 113
2 114
159 158
158 143
143 146
146 159
160 52
52 30
30 3
137 118
118 114
120 106
106 22
147 90
90 3
0 147
140 137
137 73
73 141
1 21
21 133
136 46
46 21
112 83
83 63
63 19
156 141
73 140
140 156
118 113
143 128
128 125
125 124
124 143
143 139
139 138
138 158
148 61
61 19
19 60
60 148
161 57
57 40
161 48
40 161
68 65
65 67
166 157
157 72
72 73
73 166
163 39
36 35
151 137
73 151
153 74
73 153
149 132
132 47
149 57
57 48
56 149
148 58
58 59
59 149
149 58
58 48
58 57
78 59
59 56
56 58
58 78
133 132
132 1
134 60
19 17
17 134
60 48
61 58
59 148
134 83
83 61
61 62
62 134
148 62
61 59
132 60
60 17
17 1
155 36
36 20
47 60
60 149
60 1
92 87
87 83
63 92
104 80
80 49
49 105
104 81
81 80
49 104
109 105
105 80
80 79
79 109
156 68
68 54
54 55
55 156
31 64
173 65
65 64
64 32
131 90
90 0
0 84
84 131
171 77
77 76
76 75
75 171
167 52
32 30
30 167
134 86
86 62
62 74
74 134
167 158
158 30
30 26
173 166
166 65
65 32
173 75
75 65
65 66
66 173
68 67
67 52
18 118
107 99
99 96
96 93
93 107
130 111
111 69
69 85
85 130
89 69
69 53
53 90
90 70
69 147
85 70
70 84
109 106
106 105
105 79
130 71
71 53
69 130
142 138
138 73
73 157
68 52
54 156
106 101
101 105
105 118
123 109
105 123
169 162
162 56
56 151
132 114
17 132
62 59
59 151
77 75
75 66
138 120
120 143
156 73
73 66
157 156
156 52
151 148
148 135
135 132
161 151
162 78
78 77
77 169
171 164
33 169
171 76
76 33
33 75
170 169
161 168
78 76
15 76
167 165
164 173
162 153
153 151
151 72
72 162
161 150
150 36
39 161
167 75
164 75
57 78
106 79
79 22
49 106
109 108
108 80
111 85
85 79
80 111
103 93
93 80
81 103
100 81
81 49
49 18
18 100
121 92
87 88
88 121
99 91
91 82
82 81
81 99
18 82
121 91
91 81
82 121
86 19
19 83
132 134
134 148
85 84
84 25
25 79
111 97
97 69
144 131
131 127
127 130
130 144
53 147
111 109
109 80
79 111
97 85
25 131
25 111
117 112
112 100
18 117
117 101
100 117
81 18
121 107
107 104
104 103
103 121
18 17
140 86
73 55
55 140
112 87
83 86
86 112
116 112
87 63
63 116
116 82
121 98
98 92
92 88
140 88
88 54
71 140
140 126
126 88
88 71
121 117
117 116
116 104
104 121
121 116
30 89
159 147
53 89
116 92
87 116
96 95
95 94
94 93
108 104
104 93
126 97
97 88
71 126
107 103
103 98
98 97
97 95
94 98
107 95
95 93
94 107
111 95
95 85
85 93
93 111
98 96
96 91
91 94
95 70
108 107
93 108
107 97
95 108
85 80
126 98
98 88
107 96
96 94
99 98
98 91
81 98
98 107
87 117
113 86
112 118
127 123
123 71
71 122
122 127
117 105
101 100
100 49
126 122
122 107
108 126
104 100
100 103
103 116
79 49
110 79
25 22
22 110
24 21
22 120
139 120
21 115
115 139
137 142
139 125
125 20
20 120
142 141
141 118
118 117
122 121
104 117
117 122
81 93
91 92
105 122
85 25
103 80
86 118
105 100
124 123
123 106
118 124
110 109
106 110
144 141
141 71
71 127
127 144
128 129
129 146
120 119
119 106
98 95
99 93
81 107
130 97
97 71
71 69
108 123
124 110
109 124
111 110
109 131
125 120
22 125
146 145
145 128
25 110
110 131
127 111
127 126
111 108
108 97
126 111
86 87
2 115
132 113
114 135
113 2
124 120
119 143
152 151
151 136
136 150
150 152
136 133
132 150
1 133
150 133
151 134
74 73
120 115
115 114
114 139
1 115
133 115
114 133
81 121
92 82
82 63
18 116
122 88
121 126
117 86
87 140
123 118
141 127
127 124
123 141
138 119
118 138
141 124
143 125
119 102
114 120
151 138
138 136
136 135
135 151
24 125
132 136
114 138
115 102
122 140
126 107
140 121
121 87
116 91
87 122
123 122
109 127
137 123
140 123
123 117
128 124
110 128
129 110
125 110
106 125
143 129
23 125
145 144
144 128
128 142
142 145
157 143
143 138
142 73
141 157
141 128
125 129
108 127
147 145
145 53
144 147
126 130
108 130
128 127
131 128
147 146
145 159
146 131
131 129
128 146
0 131
128 25
147 130
130 90
90 84
84 147
147 131
70 130
160 147
147 3
128 109
115 136
151 150
149 136
19 134
114 136
21 136
21 139
138 135
78 74
74 59
86 74
134 61
83 62
152 136
133 152
165 158
158 155
155 154
154 165
153 139
139 136
138 153
155 136
72 166
135 113
114 137
138 137
138 124
118 142
86 55
159 144
144 142
141 159
124 142
20 139
153 157
155 152
87 55
87 54
117 141
156 144
153 72
142 119
155 143
139 155
158 154
154 153
139 158
158 157
143 159
144 54
53 156
159 157
145 131
0 129
146 0
146 26
143 160
89 147
89 3
53 130
70 147
19 148
61 60
60 58
62 151
46 152
162 161
152 162
148 48
59 57
47 39
161 152
162 151
163 162
161 163
165 155
162 154
154 152
152 153
165 163
163 155
152 139
154 139
36 152
136 153
137 153
157 52
156 159
20 158
172 171
136 154
158 26
152 163
166 156
153 166
160 159
146 158
158 160
167 160
160 30
138 157
155 20
166 159
52 159
142 159
166 160
26 3
38 28
162 170
150 163
56 169
154 164
171 169
165 162
152 165
162 172
163 172
161 36
161 170
27 171
171 173
163 34
32 166
68 66
156 66
55 166
33 173
171 33
40 10
174 168
174 38
169 6
37 168
33 170
172 170
169 172
172 26
171 162
31 173
167 32
75 64
10 8
SURFACE_TRIANGLES
0 3 23
12 15 29
12 29 45
36 39 46
4 5 8
5 6 8
7 43 44
13 45 50
9 76 78
9 10 57
52 53 54
6 9 10
6 9 76
4 10 40
2 18 49
6 7 15
11 14 16
5 6 7
5 7 43
11 12 13
11 13 14
69 70 89
70 89 90
13 14 51
14 16 51
11 12 15
11 15 16
1 2 17
18 19 63
2 17 18
26 28 34
20 23 26
72 74 78
28 34 35
22 24 25
20 21 24
3 23 26
20 23 24
2 22 49
2 21 22
0 23 25
23 24 25
53 54 71
27 28 29
26 27 28
20 26 34
66 72 77
27 29 31
29 31 33
35 37 38
142 145 157
27 30 32
26 27 30
32 52 67
27 31 32
9 56 78
15 29 33
28 35 38
4 37 39
34 35 36
35 37 39
37 38 41
6 15 76
38 41 45
7 15 16
39 46 47
4 39 48
4 40 48
4 5 42
12 13 45
7 16 44
4 37 42
37 41 42
5 42 43
41 42 43
41 43 50
43 44 50
28 29 45
28 38 45
20 21 36
1 46 47
9 56 57
41 45 50
16 44 51
44 50 51
13 50 51
55 66 68
143 146 158
0 3 90
1 21 46
21 36 46
19 63 83
19 60 61
65 67 68
35 36 39
72 73 74
40 48 58
40 57 58
58 59 78
17 19 60
58 59 61
61 62 83
59 61 62
1 17 60
20 34 36
1 47 60
63 83 92
83 87 92
49 80 81
54 55 68
31 32 64
31 33 64
32 64 65
0 84 90
75 76 77
30 32 52
62 74 86
66 72 73
65 66 75
52 67 68
93 96 99
53 69 89
70 84 85
53 69 71
52 54 68
59 62 74
66 75 77
120 139 143
55 66 73
33 75 76
76 77 78
15 33 76
56 57 78
57 58 78
22 49 79
79 80 85
80 81 93
18 49 81
87 88 92
81 82 99
82 91 99
18 63 82
18 81 82
25 79 84
79 84 85
69 70 97
0 25 84
17 18 19
55 73 86
83 86 87
88 92 98
54 71 88
3 30 89
30 52 89
93 95 96
94 95 96
71 88 97
94 95 97
94 97 98
85 93 95
91 94 96
91 94 98
70 85 95
70 95 97
80 85 93
88 97 98
91 96 99
49 79 80
22 25 79
21 22 24
120 125 139
118 137 141
91 92 98
81 93 99
69 71 97
108 111 126
1 2 21
136 150 152
133 136 150
82 91 92
63 82 92
118 123 141
120 125 143
118 123 137
123 137 141
108 111 130
108 126 130
70 84 90
111 126 130
47 48 60
59 74 78
73 74 86
19 61 83
62 83 86
133 136 152
119 124 138
55 86 87
124 138 142
125 139 143
54 55 87
54 87 88
119 124 142
119 138 142
142 145 159
145 157 159
143 146 160
3 89 90
48 58 60
58 60 61
39 47 48
72 77 78
136 139 152
139 152 154
133 150 152
136 152 154
136 139 154
146 158 160
52 53 89
142 157 159
143 158 160
3 26 30
32 65 67
65 66 68
10 40 57
33 64 75
64 65 75
4 8 10
6 8 10
